=== Sensor availability (fraction non-missing) per greenhouse ===
     out_temp  out_hum  out_rad  out_wspd  in_temp  in_hum  in_co2  in_rad  act_vent  act_side  act_shade  act_thermal  act_valve  act_heating  act_circfan  act_co2  act_fog  act_cool  act_pump
gh                                                                                                                                                                                               
F01       0.0      0.0      0.0       0.0     0.99    0.99    0.99     1.0      0.00      0.00        0.0          0.0       0.00          0.0         0.00     0.00      0.0      0.00      0.00
F02       0.0      0.0      0.0       0.0     0.99    0.99    0.99     1.0      0.00      0.00        0.0          0.0       0.00          0.0         0.00     0.00      0.0      0.00      0.00
F03       0.0      0.0      0.0       0.0     0.99    0.99    0.99     1.0      0.00      0.00        0.0          0.0       0.00          0.0         0.00     0.00      0.0      0.00      0.00
F04       0.0      0.0      0.0       0.0     1.00    0.99    0.99     1.0      0.00      0.00        0.0          0.0       0.00          0.0         0.00     0.00      0.0      0.00      0.00
F05       0.0      0.0      0.0       0.0     0.99    0.99    0.99     1.0      0.00      0.00        0.0          0.0       0.00          0.0         0.00     0.00      0.0      0.00      0.00
F06       0.0      0.0      0.0       0.0     0.99    0.99    0.99     1.0      0.00      0.00        0.0          0.0       0.00          0.0         0.00     0.00      0.0      0.00      0.00
F07       0.0      0.0      0.0       0.0     0.99    0.99    0.99     1.0      0.00      0.00        0.0          0.0       0.00          0.0         0.00     0.00      0.0      0.00      0.00
F08       0.0      0.0      0.0       0.0     1.00    0.99    0.99     1.0      0.00      0.00        0.0          0.0       0.00          0.0         0.00     0.00      0.0      0.00      0.00
F09       0.0      0.0      0.0       0.0     0.99    0.99    0.99     1.0      0.00      0.00        0.0          0.0       0.00          0.0         0.00     0.00      0.0      0.00      0.00
F10       0.0      0.0      0.0       0.0     1.00    1.00    0.99     1.0      0.00      0.00        0.0          0.0       0.00          0.0         0.00     0.00      0.0      0.00      0.00
F11       0.0      0.0      0.0       0.0     0.99    0.99    0.99     1.0      0.00      0.00        0.0          0.0       0.00          0.0         0.00     0.00      0.0      0.00      0.00
F12       0.0      0.0      0.0       0.0     0.99    1.00    1.00     1.0      0.00      0.00        0.0          0.0       0.00          0.0         0.00     0.00      0.0      0.00      0.00
F13       1.0      1.0      1.0       1.0     0.99    0.99    0.99     0.0      1.00      0.00        1.0          1.0       0.00          1.0         1.00     1.00      1.0      0.00      0.00
F14       0.0      0.0      0.0       0.0     0.99    0.99    1.00     1.0      0.00      0.00        0.0          0.0       0.00          0.0         0.00     0.00      0.0      0.00      0.00
F15       0.0      0.0      0.0       0.0     1.00    1.00    1.00     1.0      0.00      0.00        0.0          0.0       0.00          0.0         0.00     0.00      0.0      0.00      0.00
F16       0.0      0.0      0.0       0.0     1.00    0.99    0.99     1.0      0.00      0.00        0.0          0.0       0.00          0.0         0.00     0.00      0.0      0.00      0.00
F17       0.0      0.0      0.0       0.0     0.99    0.99    0.99     1.0      0.00      0.00        0.0          0.0       0.00          0.0         0.00     0.00      0.0      0.00      0.00
F18       0.0      0.0      0.0       0.0     0.99    1.00    1.00     1.0      0.00      0.00        0.0          0.0       0.00          0.0         0.00     0.00      0.0      0.00      0.00
F19       0.0      0.0      0.0       0.0     1.00    0.99    1.00     1.0      0.00      0.00        0.0          0.0       0.00          0.0         0.00     0.00      0.0      0.00      0.00
F20       0.0      0.0      0.0       0.0     1.00    0.99    0.99     1.0      0.00      0.00        0.0          0.0       0.00          0.0         0.00     0.00      0.0      0.00      0.00
F21       0.0      0.0      0.0       0.0     1.00    1.00    1.00     1.0      0.00      0.00        0.0          0.0       0.00          0.0         0.00     0.00      0.0      0.00      0.00
F22       0.0      0.0      0.0       0.0     0.99    0.99    0.99     1.0      0.00      0.00        0.0          0.0       0.00          0.0         0.00     0.00      0.0      0.00      0.00
F23       0.0      0.0      0.0       0.0     1.00    0.99    1.00     1.0      0.00      0.00        0.0          0.0       0.00          0.0         0.00     0.00      0.0      0.00      0.00
F24       0.0      0.0      0.0       0.0     0.99    0.99    0.99     1.0      0.00      0.00        0.0          0.0       0.00          0.0         0.00     0.00      0.0      0.00      0.00
F25       0.0      0.0      0.0       0.0     0.99    0.99    0.99     1.0      0.00      0.00        0.0          0.0       0.00          0.0         0.00     0.00      0.0      0.00      0.00
F26       0.0      0.0      0.0       0.0     0.99    0.99    0.99     1.0      0.00      0.00        0.0          0.0       0.00          0.0         0.00     0.00      0.0      0.00      0.00
F27       0.0      0.0      0.0       0.0     0.99    0.99    0.99     1.0      0.00      0.00        0.0          0.0       0.00          0.0         0.00     0.00      0.0      0.00      0.00
F28       0.0      0.0      0.0       0.0     1.00    1.00    0.99     1.0      0.00      0.00        0.0          0.0       0.00          0.0         0.00     0.00      0.0      0.00      0.00
F29       0.0      0.0      0.0       0.0     0.99    0.99    0.99     1.0      0.00      0.00        0.0          0.0       0.00          0.0         0.00     0.00      0.0      0.00      0.00
F30       0.0      0.0      0.0       0.0     0.99    0.99    0.99     1.0      0.00      0.00        0.0          0.0       0.00          0.0         0.00     0.00      0.0      0.00      0.00
F31       0.0      0.0      0.0       0.0     1.00    1.00    1.00     1.0      0.00      0.00        0.0          0.0       0.00          0.0         0.00     0.00      0.0      0.00      0.00
F32       1.0      0.0      1.0       1.0     1.00    1.00    1.00     0.0      0.98      0.98        0.0          0.0       0.98          0.0         0.98     0.98      0.0      0.98      0.98
F33       0.0      0.0      0.0       0.0     1.00    1.00    0.99     1.0      0.00      0.00        0.0          0.0       0.00          0.0         0.00     0.00      0.0      0.00      0.00
F34       0.0      0.0      0.0       0.0     1.00    1.00    1.00     1.0      0.00      0.00        0.0          0.0       0.00          0.0         0.00     0.00      0.0      0.00      0.00
F35       0.0      0.0      0.0       0.0     1.00    0.99    0.99     1.0      0.00      0.00        0.0          0.0       0.00          0.0         0.00     0.00      0.0      0.00      0.00
F36       0.0      0.0      0.0       0.0     0.99    0.99    0.99     1.0      0.00      0.00        0.0          0.0       0.00          0.0         0.00     0.00      0.0      0.00      0.00
F37       0.0      0.0      0.0       0.0     0.99    0.99    0.99     1.0      0.00      0.00        0.0          0.0       0.00          0.0         0.00     0.00      0.0      0.00      0.00
F38       0.0      0.0      0.0       0.0     0.99    0.99    0.99     1.0      0.00      0.00        0.0          0.0       0.00          0.0         0.00     0.00      0.0      0.00      0.00
F39       0.0      0.0      0.0       0.0     0.99    0.99    0.99     1.0      0.00      0.00        0.0          0.0       0.00          0.0         0.00     0.00      0.0      0.00      0.00
F40       0.0      0.0      0.0       0.0     0.99    0.99    0.99     1.0      0.00      0.00        0.0          0.0       0.00          0.0         0.00     0.00      0.0      0.00      0.00
F41       0.0      0.0      0.0       0.0     0.99    0.99    0.99     1.0      0.00      0.00        0.0          0.0       0.00          0.0         0.00     0.00      0.0      0.00      0.00
F42       0.0      0.0      0.0       0.0     0.99    0.99    0.99     1.0      0.00      0.00        0.0          0.0       0.00          0.0         0.00     0.00      0.0      0.00      0.00
F43       0.0      0.0      0.0       0.0     0.99    0.99    0.99     1.0      0.00      0.00        0.0          0.0       0.00          0.0         0.00     0.00      0.0      0.00      0.00
F44       0.0      0.0      0.0       0.0     1.00    0.99    0.99     1.0      0.00      0.00        0.0          0.0       0.00          0.0         0.00     0.00      0.0      0.00      0.00
F45       0.0      0.0      0.0       0.0     0.99    0.99    1.00     1.0      0.00      0.00        0.0          0.0       0.00          0.0         0.00     0.00      0.0      0.00      0.00
F46       0.0      0.0      0.0       0.0     0.99    0.99    0.99     1.0      0.00      0.00        0.0          0.0       0.00          0.0         0.00     0.00      0.0      0.00      0.00
F47       1.0      1.0      1.0       1.0     0.99    1.00    0.99     0.0      1.00      0.00        1.0          1.0       0.00          1.0         1.00     1.00      1.0      0.00      0.00
F48       0.0      0.0      0.0       0.0     0.99    0.99    1.00     1.0      0.00      0.00        0.0          0.0       0.00          0.0         0.00     0.00      0.0      0.00      0.00
F49       0.0      0.0      0.0       0.0     0.99    0.99    1.00     1.0      0.00      0.00        0.0          0.0       0.00          0.0         0.00     0.00      0.0      0.00      0.00
F50       0.0      0.0      0.0       0.0     0.99    0.99    0.99     1.0      0.00      0.00        0.0          0.0       0.00          0.0         0.00     0.00      0.0      0.00      0.00
F51       0.0      0.0      0.0       0.0     0.99    0.99    0.99     1.0      0.00      0.00        0.0          0.0       0.00          0.0         0.00     0.00      0.0      0.00      0.00

Number of greenhouses with each sensor >50% available:
out_temp        3
out_hum         2
out_rad         3
out_wspd        3
in_temp        51
in_hum         51
in_co2         51
in_rad         48
act_vent        3
act_side        1
act_shade       2
act_thermal     2
act_valve       1
act_heating     2
act_circfan     3
act_co2         3
act_fog         2
act_cool        1
act_pump        1

=== F13 correlations with sub_temp (n=4800) ===
in_temp        0.785
out_temp       0.814
out_rad        0.152
act_shade      0.325
act_thermal    0.214
act_heating   -0.280
act_vent       0.393
in_hum         0.013
in_co2         0.059
sub_temp       1.000
sub_temp - in_temp: mean=-0.770, std=3.509

=== F47 correlations with sub_temp (n=4800) ===
in_temp        0.747
out_temp       0.830
out_rad        0.149
act_shade      0.429
act_thermal    0.357
act_heating   -0.380
act_vent       0.459
in_hum         0.123
in_co2        -0.063
sub_temp       1.000
sub_temp - in_temp: mean=-0.676, std=3.578

=== F13 correlations with sub_ec (n=4800) ===
in_temp       -0.155
out_temp      -0.344
out_rad       -0.035
act_shade     -0.001
act_thermal    0.022
act_heating   -0.104
act_vent      -0.223
in_hum        -0.060
in_co2        -0.193
hour           0.069
sub_ec         1.000

=== F47 correlations with sub_ec (n=4800) ===
in_temp       -0.211
out_temp      -0.473
out_rad       -0.054
act_shade     -0.103
act_thermal   -0.096
act_heating   -0.010
act_vent      -0.345
in_hum        -0.106
in_co2        -0.107
hour           0.030
sub_ec         1.000

F13 sub_ec mean by hour: range 0.0968 (overall std 0.3460)
F47 sub_ec mean by hour: range 0.0722 (overall std 0.4591)

F13 sub_ec hour-to-hour diff (where consecutive): std=0.0941, mean abs=0.0204
F47 sub_ec hour-to-hour diff (where consecutive): std=0.1291, mean abs=0.0248